0	1	8.947683e+02	1.906503e+02	1241	374	3.407977e+00	1.536793e+00	4.758829e+00	-1.570796e+00
0	3	2.924373e+02	1.769137e+02	3.317773e+02	1.974670e+02	-2.141978e+01	1.721707e+00	5.194318e+01	1.521110e+00
1	1	8.801066e+02	1.901733e+02	1241	374	3.388173e+00	1.539172e+00	5.048745e+00	-1.576586e+00
1	3	2.858433e+02	1.757340e+02	3.265955e+02	1.967837e+02	-2.134301e+01	1.634904e+00	5.075637e+01	1.522566e+00
2	1	8.665815e+02	1.897343e+02	1241	374	3.368369e+00	1.541552e+00	5.338661e+00	-1.582376e+00
2	3	2.789332e+02	1.764616e+02	3.211860e+02	1.980364e+02	-2.126487e+01	1.678346e+00	4.956820e+01	1.524023e+00
3	1	8.540660e+02	1.893289e+02	1241	374	3.348566e+00	1.543931e+00	5.628578e+00	-1.588166e+00
3	3	2.716706e+02	1.772262e+02	3.155203e+02	1.993531e+02	-2.118672e+01	1.721789e+00	4.838004e+01	1.525479e+00
4	1	8.424514e+02	1.889534e+02	1241	374	3.328762e+00	1.546310e+00	5.918494e+00	-1.593956e+00
4	3	2.640279e+02	1.780309e+02	3.095798e+02	2.007386e+02	-2.110857e+01	1.765232e+00	4.719187e+01	1.526936e+00
5	1	8.316439e+02	1.886046e+02	1241	374	3.308958e+00	1.548690e+00	6.208410e+00	-1.599746e+00
5	3	2.559745e+02	1.788789e+02	3.033441e+02	2.021987e+02	-2.103043e+01	1.808674e+00	4.600371e+01	1.528392e+00
6	1	8.213338e+02	1.873379e+02	1241	374	3.286537e+00	1.540383e+00	6.521717e+00	-1.601736e+00
6	3	2.463468e+02	1.797051e+02	2.956890e+02	2.036611e+02	-2.102975e+01	1.848203e+00	4.483306e+01	1.528958e+00
6	4	2.764326e+02	1.790308e+02	3.199630e+02	1.993730e+02	-2.115747e+01	1.747549e+00	4.902246e+01	1.538511e+00
7	1	8.117563e+02	1.867531e+02	1.230610e+03	374	3.264193e+00	1.539405e+00	6.834948e+00	-1.603725e+00
7	3	2.361804e+02	1.805774e+02	2.876400e+02	2.052054e+02	-2.102907e+01	1.887731e+00	4.366242e+01	1.529524e+00
7	4	2.681185e+02	1.808093e+02	3.133199e+02	2.016917e+02	-2.113896e+01	1.851869e+00	4.783515e+01	1.539206e+00
8	1	8.028783e+02	1.898918e+02	1.190148e+03	374	3.242347e+00	1.585594e+00	7.147685e+00	-1.605715e+00
8	3	2.259018e+02	1.792554e+02	2.795965e+02	2.045884e+02	-2.100303e+01	1.800589e+00	4.249419e+01	1.530090e+00
8	4	2.595113e+02	1.796525e+02	3.064847e+02	2.010709e+02	-2.111244e+01	1.765919e+00	4.665014e+01	1.539901e+00
9	1	7.944839e+02	1.854451e+02	1.154319e+03	374	3.219470e+00	1.534087e+00	7.461444e+00	-1.607705e+00
9	3	2.150153e+02	1.778552e+02	2.711176e+02	2.039349e+02	-2.097699e+01	1.713447e+00	4.132597e+01	1.530656e+00
9	4	2.504374e+02	1.784188e+02	2.993066e+02	2.004165e+02	-2.108592e+01	1.679968e+00	4.546513e+01	1.540596e+00
10	1	7.882098e+02	1.856681e+02	1.131214e+03	3.697120e+02	3.191573e+00	1.540673e+00	7.667828e+00	-1.609695e+00
10	3	2.034655e+02	1.763697e+02	2.621669e+02	2.032415e+02	-2.095095e+01	1.626305e+00	4.015775e+01	1.531221e+00
10	4	2.408576e+02	1.771164e+02	2.917591e+02	1.997256e+02	-2.105941e+01	1.594017e+00	4.428012e+01	1.541291e+00
11	1	7.822524e+02	1.834422e+02	1.098272e+03	3.534782e+02	3.208640e+00	1.516513e+00	8.073921e+00	-1.609695e+00
11	3	1.928914e+02	1.776278e+02	2.543440e+02	2.053327e+02	-2.084427e+01	1.685586e+00	3.900736e+01	1.534049e+00
11	4	2.307286e+02	1.757392e+02	2.838130e+02	1.989951e+02	-2.103289e+01	1.508066e+00	4.309511e+01	1.541985e+00
12	1	7.781031e+02	1.832802e+02	1.076607e+03	3.451340e+02	3.220351e+00	1.518550e+00	8.372974e+00	-1.609695e+00
12	3	1.816434e+02	1.789662e+02	2.460668e+02	2.075572e+02	-2.073760e+01	1.744866e+00	3.785696e+01	1.536876e+00
12	4	2.221585e+02	1.772290e+02	2.774468e+02	2.011354e+02	-2.091699e+01	1.586613e+00	4.197315e+01	1.545001e+00
13	1	7.741759e+02	1.823881e+02	1.056869e+03	3.363373e+02	3.231946e+00	1.509560e+00	8.672142e+00	-1.609695e+00
13	3	1.696552e+02	1.803929e+02	2.372945e+02	2.099282e+02	-2.063094e+01	1.804147e+00	3.670657e+01	1.539703e+00
13	4	2.130975e+02	1.788044e+02	2.707447e+02	2.033984e+02	-2.080109e+01	1.665161e+00	4.085120e+01	1.548017e+00
14	1	7.704521e+02	1.807705e+02	1.038808e+03	3.270595e+02	3.243415e+00	1.488704e+00	8.971434e+00	-1.609695e+00
14	3	1.568512e+02	1.817902e+02	2.279813e+02	2.124608e+02	-2.052426e+01	1.863427e+00	3.555618e+01	1.542530e+00
14	4	2.035022e+02	1.804730e+02	2.636794e+02	2.057950e+02	-2.068519e+01	1.743709e+00	3.972925e+01	1.551033e+00
15	1	7.669967e+02	1.847553e+02	1.022381e+03	3.272874e+02	3.255802e+00	1.554745e+00	9.269818e+00	-1.609695e+00
15	3	1.431451e+02	1.832525e+02	2.180755e+02	2.151718e+02	-2.041759e+01	1.922708e+00	3.440579e+01	1.545358e+00
15	4	1.933238e+02	1.820923e+02	2.562207e+02	2.083373e+02	-2.056929e+01	1.822257e+00	3.860730e+01	1.554049e+00
16	1	7.621666e+02	1.840189e+02	1.004049e+03	3.200019e+02	3.248616e+00	1.548157e+00	9.593708e+00	-1.609695e+00
16	3	1.278999e+02	1.833404e+02	2.071288e+02	2.164110e+02	-2.034835e+01	1.910880e+00	3.328170e+01	1.550814e+00
16	4	1.825076e+02	1.837979e+02	2.483347e+02	2.110391e+02	-2.045339e+01	1.900804e+00	3.748534e+01	1.557065e+00
17	1	7.575982e+02	1.833222e+02	9.872199e+02	3.133182e+02	3.241430e+00	1.541569e+00	9.917599e+00	-1.609695e+00
17	3	1.115306e+02	1.834341e+02	1.954543e+02	2.177416e+02	-2.027911e+01	1.899051e+00	3.215761e+01	1.556271e+00
17	4	1.741385e+02	1.837455e+02	2.427240e+02	2.118438e+02	-2.020411e+01	1.881437e+00	3.638958e+01	1.558796e+00
18	1	7.532709e+02	1.826621e+02	9.717166e+02	3.071647e+02	3.234244e+00	1.534981e+00	1.024149e+01	-1.609695e+00
18	3	9.390808e+01	1.835344e+02	1.829771e+02	2.191742e+02	-2.020987e+01	1.887222e+00	3.103352e+01	1.561727e+00
18	4	1.601447e+02	1.838802e+02	2.322236e+02	2.129354e+02	-2.017419e+01	1.871423e+00	3.526638e+01	1.560178e+00
19	1	7.491659e+02	1.820357e+02	9.573881e+02	3.014807e+02	3.227057e+00	1.528394e+00	1.056538e+01	-1.609695e+00
19	3	7.488262e+01	1.836417e+02	1.696116e+02	2.207209e+02	-2.014063e+01	1.875394e+00	2.990943e+01	1.567183e+00
19	4	1.451810e+02	1.840233e+02	2.210661e+02	2.141027e+02	-2.014428e+01	1.861408e+00	3.414317e+01	1.561559e+00
20	1	7.452667e+02	1.814406e+02	9.441057e+02	2.962145e+02	3.219871e+00	1.521806e+00	1.088927e+01	-1.609695e+00
20	3	5.427964e+01	1.837570e+02	1.552593e+02	2.223960e+02	-2.007139e+01	1.863565e+00	2.878535e+01	1.572640e+00
20	4	1.291430e+02	1.841756e+02	2.091875e+02	2.153538e+02	-2.011436e+01	1.851394e+00	3.301997e+01	1.562941e+00
21	1	7.404200e+02	1.819363e+02	9.300403e+02	2.924986e+02	3.201323e+00	1.535155e+00	1.124454e+01	-1.611755e+00
21	3	3.161464e+01	1.838737e+02	1.391817e+02	2.241533e+02	-2.004564e+01	1.851917e+00	2.769696e+01	1.574073e+00
21	4	1.119106e+02	1.843382e+02	1.965159e+02	2.166981e+02	-2.008444e+01	1.841379e+00	3.189677e+01	1.564323e+00
22	1	7.358249e+02	1.824061e+02	9.170219e+02	2.890587e+02	3.182775e+00	1.548505e+00	1.159981e+01	-1.613815e+00
22	2	1.192180e+03	1.675653e+02	1241	374	3.804984e+00	1.548693e+00	1.912986e+00	-1.592551e+00
22	3	3.687565e+00	1.840189e+02	1.194429e+02	2.262752e+02	-2.004029e+01	1.839331e+00	2.649829e+01	1.575226e+00
22	4	9.230309e+01	1.867198e+02	1.820360e+02	2.206448e+02	-2.008613e+01	1.930707e+00	3.075775e+01	1.564867e+00
23	1	7.314623e+02	1.828522e+02	9.049378e+02	2.858653e+02	3.164227e+00	1.561854e+00	1.195508e+01	-1.615876e+00
23	2	1.147132e+03	1.657500e+02	1241	374	3.795752e+00	1.543344e+00	2.210502e+00	-1.592135e+00
23	3	0	1.841621e+02	1.000282e+02	2.281316e+02	-2.003912e+01	1.828005e+00	2.541585e+01	1.576324e+00
23	4	7.186391e+01	1.858232e+02	1.671840e+02	2.210186e+02	-2.005935e+01	1.869820e+00	2.962047e+01	1.565412e+00
24	1	7.273151e+02	1.832761e+02	8.936909e+02	2.828928e+02	3.145678e+00	1.575204e+00	1.231035e+01	-1.617936e+00
24	2	1.108346e+03	1.639312e+02	1241	374	3.786520e+00	1.537996e+00	2.508019e+00	-1.591718e+00
24	3	0	1.843432e+02	7.579837e+01	2.295622e+02	-2.006382e+01	1.815689e+00	2.421267e+01	1.576614e+00
24	4	4.968563e+01	1.848592e+02	1.512153e+02	2.214243e+02	-2.003257e+01	1.808933e+00	2.848319e+01	1.565956e+00
25	1	7.233678e+02	1.836796e+02	8.831971e+02	2.801190e+02	3.127130e+00	1.588554e+00	1.266563e+01	-1.619996e+00
25	2	1.074600e+03	1.621083e+02	1241	374	3.777288e+00	1.532647e+00	2.805535e+00	-1.591302e+00
25	3	0	1.845271e+02	5.131131e+01	2.295073e+02	-2.009549e+01	1.804519e+00	2.311199e+01	1.576614e+00
25	4	2.553645e+01	1.838199e+02	1.339990e+02	2.218661e+02	-2.000578e+01	1.748047e+00	2.734591e+01	1.566501e+00
26	1	7.195234e+02	1.842240e+02	8.726017e+02	2.775348e+02	3.107886e+00	1.605665e+00	1.304512e+01	-1.620640e+00
26	2	1.044971e+03	1.602810e+02	1241	374	3.768056e+00	1.527298e+00	3.103051e+00	-1.590885e+00
26	4	0	1.826961e+02	1.153831e+02	2.223404e+02	-1.997900e+01	1.687160e+00	2.620863e+01	1.567045e+00
27	1	7.140115e+02	1.847336e+02	8.602250e+02	2.751280e+02	3.048608e+00	1.622568e+00	1.342263e+01	-1.621284e+00
27	2	1.018751e+03	1.584487e+02	1241	374	3.758824e+00	1.521949e+00	3.400567e+00	-1.590468e+00
27	4	0	1.843210e+02	9.300204e+01	2.258582e+02	-2.001219e+01	1.731695e+00	2.504398e+01	1.566116e+00
28	1	7.096686e+02	1.852230e+02	8.498463e+02	2.728741e+02	3.009346e+00	1.639574e+00	1.380113e+01	-1.621928e+00
28	2	9.958572e+02	1.562094e+02	1241	374	3.758783e+00	1.514456e+00	3.707490e+00	-1.590468e+00
28	4	0	1.860932e+02	6.859050e+01	2.285384e+02	-2.004538e+01	1.776230e+00	2.387933e+01	1.565187e+00
29	1	7.055282e+02	1.856896e+02	8.401139e+02	2.707611e+02	2.970085e+00	1.656581e+00	1.417963e+01	-1.622571e+00
29	2	9.754559e+02	1.611201e+02	1241	374	3.759099e+00	1.540696e+00	4.014061e+00	-1.590468e+00
29	4	0	1.880337e+02	4.185900e+01	2.302357e+02	-2.007858e+01	1.820764e+00	2.271468e+01	1.564258e+00
30	1	7.015766e+02	1.861349e+02	8.309693e+02	2.687761e+02	2.930824e+00	1.673588e+00	1.455813e+01	-1.623215e+00
30	2	9.570619e+02	1.610521e+02	1241	374	3.759166e+00	1.543462e+00	4.320877e+00	-1.590468e+00
31	1	6.944630e+02	1.853859e+02	8.191357e+02	2.653436e+02	2.824466e+00	1.662803e+00	1.493959e+01	-1.629652e+00
31	2	9.332343e+02	1.606730e+02	1241	374	3.704850e+00	1.545899e+00	4.608289e+00	-1.603846e+00
32	1	6.876597e+02	1.846700e+02	8.079862e+02	2.621064e+02	2.718109e+00	1.652017e+00	1.532105e+01	-1.636089e+00
32	2	9.113886e+02	1.570604e+02	1241	374	3.650374e+00	1.533178e+00	4.895859e+00	-1.617224e+00
33	1	6.811470e+02	1.839852e+02	7.974632e+02	2.590482e+02	2.611752e+00	1.641231e+00	1.570251e+01	-1.642526e+00
33	2	8.913434e+02	1.583309e+02	1241	374	3.596126e+00	1.542055e+00	5.183203e+00	-1.630602e+00
34	1	6.749067e+02	1.833293e+02	7.875151e+02	2.561547e+02	2.505394e+00	1.630446e+00	1.608397e+01	-1.648963e+00
34	2	8.728017e+02	1.530937e+02	1241	374	3.541471e+00	1.512506e+00	5.470949e+00	-1.643980e+00
35	1	6.689220e+02	1.827007e+02	7.780960e+02	2.534128e+02	2.399037e+00	1.619660e+00	1.646544e+01	-1.655400e+00
35	2	8.557027e+02	1.555471e+02	1241	374	3.487218e+00	1.520827e+00	5.758300e+00	-1.657358e+00
36	1	6.616516e+02	1.825758e+02	7.657092e+02	2.511745e+02	2.244392e+00	1.622299e+00	1.690018e+01	-1.655400e+00
36	2	8.347884e+02	1.564082e+02	1241	374	3.364260e+00	1.522143e+00	6.045295e+00	-1.660352e+00
37	1	6.547081e+02	1.824565e+02	7.540236e+02	2.490639e+02	2.089746e+00	1.624939e+00	1.733493e+01	-1.655400e+00
37	2	8.153523e+02	1.571589e+02	1241	374	3.241303e+00	1.523458e+00	6.332290e+00	-1.663345e+00
38	1	6.480700e+02	1.823423e+02	7.429814e+02	2.470705e+02	1.935101e+00	1.627578e+00	1.776968e+01	-1.655400e+00
38	2	7.972430e+02	1.580303e+02	1.219693e+03	374	3.118346e+00	1.524774e+00	6.619285e+00	-1.666339e+00
39	1	6.417177e+02	1.822331e+02	7.325308e+02	2.451847e+02	1.780456e+00	1.630218e+00	1.820443e+01	-1.655400e+00
39	2	7.803292e+02	1.590289e+02	1.169741e+03	374	2.995389e+00	1.526089e+00	6.906280e+00	-1.669332e+00
40	1	6.356330e+02	1.821284e+02	7.226256e+02	2.433981e+02	1.625811e+00	1.632857e+00	1.863917e+01	-1.655400e+00
40	2	7.644963e+02	1.599229e+02	1.124938e+03	374	2.872432e+00	1.527405e+00	7.193276e+00	-1.672326e+00
41	1	6.285093e+02	1.825440e+02	7.125005e+02	2.423947e+02	1.442928e+00	1.650376e+00	1.906094e+01	-1.660407e+00
41	2	7.483480e+02	1.614147e+02	1.078232e+03	3.656856e+02	2.739680e+00	1.533368e+00	7.538237e+00	-1.672326e+00
42	1	6.216631e+02	1.829432e+02	7.028671e+02	2.414395e+02	1.260046e+00	1.667895e+00	1.948270e+01	-1.665415e+00
42	2	7.333618e+02	1.627411e+02	1.036721e+03	3.553750e+02	2.606928e+00	1.539331e+00	7.883199e+00	-1.672326e+00
43	1	6.150787e+02	1.833270e+02	6.936906e+02	2.405291e+02	1.077164e+00	1.685413e+00	1.990446e+01	-1.670423e+00
43	2	7.194167e+02	1.639281e+02	9.995847e+02	3.461795e+02	2.474176e+00	1.545294e+00	8.228161e+00	-1.672326e+00
44	1	6.087412e+02	1.836964e+02	6.849390e+02	2.396603e+02	8.942810e-01	1.702932e+00	2.032623e+01	-1.675431e+00
44	2	7.064078e+02	1.649965e+02	9.661657e+02	3.379275e+02	2.341424e+00	1.551257e+00	8.573123e+00	-1.672326e+00
45	1	6.026371e+02	1.840520e+02	6.765837e+02	2.388305e+02	7.113990e-01	1.720451e+00	2.074799e+01	-1.680439e+00
45	2	6.942440e+02	1.659633e+02	9.359326e+02	3.304809e+02	2.208671e+00	1.557220e+00	8.918085e+00	-1.672326e+00
46	1	5.968959e+02	1.844321e+02	6.689170e+02	2.382043e+02	5.336480e-01	1.738486e+00	2.112670e+01	-1.685352e+00
46	2	6.821887e+02	1.668265e+02	9.084116e+02	3.239788e+02	2.068064e+00	1.563111e+00	9.251436e+00	-1.674410e+00
47	1	5.913384e+02	1.847999e+02	6.615500e+02	2.376022e+02	3.558960e-01	1.756521e+00	2.150540e+01	-1.690265e+00
47	2	6.708415e+02	1.676166e+02	8.832246e+02	3.180349e+02	1.927456e+00	1.569001e+00	9.584788e+00	-1.676493e+00
48	1	5.859559e+02	1.851560e+02	6.544653e+02	2.370229e+02	1.781450e-01	1.774557e+00	2.188410e+01	-1.695177e+00
48	2	6.601418e+02	1.683426e+02	8.600870e+02	3.125803e+02	1.786848e+00	1.574892e+00	9.918140e+00	-1.678576e+00
49	1	5.817103e+02	1.833329e+02	6.487865e+02	2.338242e+02	3.276400e-02	1.719312e+00	2.226771e+01	-1.700090e+00
49	2	6.500358e+02	1.690119e+02	8.387583e+02	3.075569e+02	1.646240e+00	1.580783e+00	1.025149e+01	-1.680660e+00
50	1	5.775960e+02	1.815666e+02	6.433197e+02	2.307443e+02	-1.126170e-01	1.664068e+00	2.265131e+01	-1.705003e+00
50	2	6.404754e+02	1.696310e+02	8.190344e+02	3.029155e+02	1.505633e+00	1.586674e+00	1.058484e+01	-1.682743e+00
51	1	5.738288e+02	1.803798e+02	6.376821e+02	2.286272e+02	-2.597880e-01	1.633095e+00	2.302957e+01	-1.705003e+00
51	2	6.327671e+02	1.699521e+02	8.015762e+02	2.979463e+02	1.386093e+00	1.589196e+00	1.094616e+01	-1.682743e+00
52	1	5.701739e+02	1.792076e+02	6.322431e+02	2.265853e+02	-4.069590e-01	1.602121e+00	2.340783e+01	-1.705003e+00
52	2	6.254873e+02	1.702492e+02	7.854271e+02	2.933570e+02	1.266554e+00	1.591718e+00	1.130747e+01	-1.682743e+00
53	1	5.666265e+02	1.780759e+02	6.269923e+02	2.246148e+02	-5.541300e-01	1.571148e+00	2.378609e+01	-1.705003e+00
53	2	6.186012e+02	1.705249e+02	7.704451e+02	2.891056e+02	1.147014e+00	1.594240e+00	1.166878e+01	-1.682743e+00
54	1	5.633955e+02	1.804471e+02	6.221717e+02	2.262108e+02	-6.935520e-01	1.647004e+00	2.416413e+01	-1.705003e+00
54	2	6.120778e+02	1.707814e+02	7.565082e+02	2.851562e+02	1.027475e+00	1.596762e+00	1.203010e+01	-1.682743e+00
55	1	5.602568e+02	1.825387e+02	6.175123e+02	2.277529e+02	-8.329740e-01	1.722859e+00	2.454217e+01	-1.705003e+00
55	2	6.058890e+02	1.710206e+02	7.435107e+02	2.814776e+02	9.079350e-01	1.599284e+00	1.239141e+01	-1.682743e+00
55	5	2.443094e+02	1.816700e+02	2.855084e+02	2.010344e+02	-2.754284e+01	2.183087e+00	5.767540e+01	1.463716e+00
56	1	5.578813e+02	1.828068e+02	6.133122e+02	2.273498e+02	-9.546620e-01	1.737890e+00	2.490650e+01	-1.700828e+00
56	2	6.017331e+02	1.714999e+02	7.332856e+02	2.780390e+02	8.226010e-01	1.605689e+00	1.277978e+01	-1.682743e+00
56	5	2.395896e+02	1.821207e+02	2.820095e+02	2.018897e+02	-2.737178e+01	2.207352e+00	5.664559e+01	1.466720e+00
57	1	5.555704e+02	1.830678e+02	6.092412e+02	2.269593e+02	-1.076350e+00	1.752921e+00	2.527083e+01	-1.696653e+00
57	2	5.977943e+02	1.719470e+02	7.237513e+02	2.748365e+02	7.372660e-01	1.612094e+00	1.316814e+01	-1.682743e+00
57	5	2.346883e+02	1.825873e+02	2.783857e+02	2.027779e+02	-2.720072e+01	2.231617e+00	5.561578e+01	1.469724e+00
58	1	5.541184e+02	1.825522e+02	6.062111e+02	2.256627e+02	-1.167928e+00	1.738376e+00	2.563985e+01	-1.692477e+00
58	2	5.940562e+02	1.723648e+02	7.148401e+02	2.718466e+02	6.519310e-01	1.618499e+00	1.355651e+01	-1.682743e+00
58	5	2.294937e+02	1.822235e+02	2.745369e+02	2.027813e+02	-2.703701e+01	2.189137e+00	5.458599e+01	1.472729e+00
59	1	5.527055e+02	1.820500e+02	6.032723e+02	2.244064e+02	-1.259505e+00	1.723832e+00	2.600888e+01	-1.688302e+00
59	2	5.905037e+02	1.727563e+02	7.064927e+02	2.690488e+02	5.665970e-01	1.624904e+00	1.394487e+01	-1.682743e+00
59	5	2.240913e+02	1.818463e+02	2.705455e+02	2.027848e+02	-2.687330e+01	2.146657e+00	5.355621e+01	1.475733e+00
60	1	5.513302e+02	1.815608e+02	6.004208e+02	2.231884e+02	-1.351083e+00	1.709287e+00	2.637790e+01	-1.684127e+00
60	2	5.871234e+02	1.731237e+02	6.986574e+02	2.664251e+02	4.812620e-01	1.631309e+00	1.433323e+01	-1.682743e+00
60	5	2.184685e+02	1.814548e+02	2.664036e+02	2.027884e+02	-2.670959e+01	2.104177e+00	5.252642e+01	1.478738e+00
61	1	5.519707e+02	1.799093e+02	6.032721e+02	2.235115e+02	-1.240094e+00	1.640514e+00	2.524333e+01	-1.681799e+00
61	2	5.831128e+02	1.737071e+02	6.906512e+02	2.645069e+02	3.795350e-01	1.641967e+00	1.467830e+01	-1.682743e+00
61	5	2.127242e+02	1.807090e+02	2.622126e+02	2.024740e+02	-2.651476e+01	2.038130e+00	5.145177e+01	1.481064e+00
62	1	5.501926e+02	1.809561e+02	6.000028e+02	2.237823e+02	-1.346639e+00	1.679016e+00	2.566557e+01	-1.679471e+00
62	2	5.792677e+02	1.742603e+02	6.830587e+02	2.626892e+02	2.778080e-01	1.652626e+00	1.502336e+01	-1.682743e+00
62	5	2.067241e+02	1.798982e+02	2.578500e+02	2.021455e+02	-2.631994e+01	1.972083e+00	5.037711e+01	1.483391e+00
63	1	5.484685e+02	1.818568e+02	5.968471e+02	2.240435e+02	-1.453185e+00	1.717518e+00	2.608780e+01	-1.677143e+00
63	2	5.755781e+02	1.747856e+02	6.758488e+02	2.609643e+02	1.760810e-01	1.663284e+00	1.536842e+01	-1.682743e+00
63	5	1.986343e+02	1.796736e+02	2.516551e+02	2.024324e+02	-2.623783e+01	1.946742e+00	4.929214e+01	1.485718e+00
64	1	5.467958e+02	1.826927e+02	5.937992e+02	2.242956e+02	-1.559730e+00	1.756021e+00	2.651004e+01	-1.674815e+00
64	2	5.720348e+02	1.752852e+02	6.689932e+02	2.593253e+02	7.435300e-02	1.673943e+00	1.571348e+01	-1.682743e+00
64	5	1.902972e+02	1.799408e+02	2.453146e+02	2.032366e+02	-2.614738e+01	1.953528e+00	4.820750e+01	1.488044e+00
64	6	3.605621e+02	1.694030e+02	3.874494e+02	1.937916e+02	-2.679266e+01	2.324731e+00	8.206761e+01	1.465922e+00
65	1	5.451723e+02	1.835044e+02	5.908537e+02	2.245390e+02	-1.666276e+00	1.794523e+00	2.693227e+01	-1.672487e+00
65	2	5.686293e+02	1.757609e+02	6.624664e+02	2.577660e+02	-2.737400e-02	1.684602e+00	1.605854e+01	-1.682743e+00
65	5	1.812996e+02	1.825144e+02	2.384629e+02	2.065264e+02	-2.607131e+01	2.112471e+00	4.711995e+01	1.490371e+00
65	6	3.554500e+02	1.700240e+02	3.836091e+02	1.952406e+02	-2.643471e+01	2.403402e+00	7.946796e+01	1.467850e+00
66	1	5.454235e+02	1.840002e+02	5.891452e+02	2.241202e+02	-1.727329e+00	1.824221e+00	2.755177e+01	-1.664664e+00
66	2	5.661198e+02	1.790310e+02	6.573205e+02	2.592559e+02	-1.085820e-01	1.752656e+00	1.638193e+01	-1.682743e+00
66	5	1.723253e+02	1.855429e+02	2.317320e+02	2.104678e+02	-2.595762e+01	2.300258e+00	4.601650e+01	1.492423e+00
66	6	3.498218e+02	1.740321e+02	3.793723e+02	2.001461e+02	-2.609107e+01	2.826669e+00	7.686287e+01	1.469779e+00
67	1	5.453793e+02	1.844760e+02	5.875151e+02	2.237213e+02	-1.788383e+00	1.853919e+00	2.817128e+01	-1.656841e+00
67	2	5.636985e+02	1.819878e+02	6.523960e+02	2.606810e+02	-1.897890e-01	1.820710e+00	1.670532e+01	-1.682743e+00
67	5	1.624602e+02	1.879171e+02	2.242994e+02	2.137344e+02	-2.586846e+01	2.435991e+00	4.491177e+01	1.494474e+00
67	6	3.443800e+02	1.760466e+02	3.753993e+02	2.031141e+02	-2.569133e+01	3.022756e+00	7.426598e+01	1.471708e+00
68	1	5.447845e+02	1.849328e+02	5.859580e+02	2.233407e+02	-1.849436e+00	1.883618e+00	2.879078e+01	-1.649017e+00
68	2	5.610473e+02	1.782622e+02	6.472921e+02	2.550532e+02	-2.791880e-01	1.741816e+00	1.702951e+01	-1.682743e+00
68	5	1.527009e+02	1.847081e+02	2.170689e+02	2.108647e+02	-2.574716e+01	2.208319e+00	4.381356e+01	1.496526e+00
68	6	3.377089e+02	1.720679e+02	3.703889e+02	2.001431e+02	-2.536961e+01	2.629849e+00	7.166812e+01	1.473636e+00
69	1	5.441692e+02	1.809687e+02	5.844175e+02	2.178926e+02	-1.912522e+00	1.720952e+00	2.941229e+01	-1.641194e+00
69	2	5.584862e+02	1.745248e+02	6.423992e+02	2.496608e+02	-3.685870e-01	1.662923e+00	1.735369e+01	-1.682743e+00
69	5	1.424134e+02	1.813420e+02	2.094843e+02	2.078397e+02	-2.562587e+01	1.980647e+00	4.271535e+01	1.498578e+00
69	6	3.305161e+02	1.677784e+02	3.650156e+02	1.969396e+02	-2.504789e+01	2.236941e+00	6.907027e+01	1.475565e+00
70	1	5.438929e+02	1.813301e+02	5.835554e+02	2.177684e+02	-1.950575e+00	1.741619e+00	2.981911e+01	-1.636571e+00
70	2	5.560109e+02	1.709385e+02	6.377045e+02	2.444894e+02	-4.579860e-01	1.584029e+00	1.767787e+01	-1.682743e+00
70	5	1.313300e+02	1.792222e+02	2.013209e+02	2.064083e+02	-2.551555e+01	1.849133e+00	4.161527e+01	1.500629e+00
70	6	3.231979e+02	1.633887e+02	3.596464e+02	1.936759e+02	-2.472444e+01	1.864727e+00	6.657509e+01	1.478231e+00
71	1	5.436251e+02	1.816824e+02	5.827176e+02	2.176478e+02	-1.988628e+00	1.762286e+00	3.022593e+01	-1.631948e+00
71	2	5.546980e+02	1.721803e+02	6.346385e+02	2.443968e+02	-5.157240e-01	1.611330e+00	1.797369e+01	-1.682743e+00
71	5	1.200766e+02	1.794139e+02	1.932079e+02	2.073782e+02	-2.538052e+01	1.849595e+00	4.051767e+01	1.503645e+00
71	6	3.151971e+02	1.639257e+02	3.537978e+02	1.954493e+02	-2.440620e+01	1.943345e+00	6.407428e+01	1.480896e+00
72	1	5.433655e+02	1.820260e+02	5.819028e+02	2.175305e+02	-2.026680e+00	1.782953e+00	3.063276e+01	-1.627324e+00
72	2	5.534240e+02	1.733778e+02	6.316817e+02	2.443075e+02	-5.734630e-01	1.638631e+00	1.826950e+01	-1.682743e+00
72	5	1.081613e+02	1.796169e+02	1.846659e+02	2.084053e+02	-2.524548e+01	1.850057e+00	3.942007e+01	1.506660e+00
72	6	3.065176e+02	1.645082e+02	3.474937e+02	1.973732e+02	-2.408797e+01	2.021963e+00	6.157347e+01	1.483562e+00
73	1	5.433952e+02	1.821600e+02	5.815311e+02	2.173145e+02	-2.046948e+00	1.792974e+00	3.093355e+01	-1.624301e+00
73	2	5.521872e+02	1.745335e+02	6.288285e+02	2.442215e+02	-6.312010e-01	1.665933e+00	1.856532e+01	-1.682743e+00
73	5	9.552385e+01	1.798322e+02	1.756601e+02	2.094946e+02	-2.511044e+01	1.850520e+00	3.832247e+01	1.509675e+00
73	6	2.970690e+02	1.651422e+02	3.406786e+02	1.994677e+02	-2.376974e+01	2.100582e+00	5.907265e+01	1.486228e+00
74	1	5.434245e+02	1.822916e+02	5.811668e+02	2.171030e+02	-2.067215e+00	1.802996e+00	3.123435e+01	-1.621278e+00
74	2	5.509861e+02	1.756494e+02	6.260735e+02	2.441384e+02	-6.889400e-01	1.693234e+00	1.886114e+01	-1.682743e+00
74	5	8.175687e+01	1.812936e+02	1.658531e+02	2.119460e+02	-2.499075e+01	1.913706e+00	3.722329e+01	1.512691e+00
74	6	2.867445e+02	1.658351e+02	3.332880e+02	2.017565e+02	-2.345151e+01	2.179200e+00	5.657184e+01	1.488894e+00
75	1	5.434534e+02	1.824209e+02	5.808097e+02	2.168958e+02	-2.087482e+00	1.813018e+00	3.153514e+01	-1.618255e+00
75	2	5.498190e+02	1.767276e+02	6.234117e+02	2.440581e+02	-7.466780e-01	1.720535e+00	1.915695e+01	-1.682743e+00
75	5	6.779935e+01	1.788885e+02	1.560923e+02	2.104631e+02	-2.484107e+01	1.784651e+00	3.612797e+01	1.515706e+00
75	6	2.759370e+02	1.648266e+02	3.257729e+02	2.024616e+02	-2.311262e+01	2.130983e+00	5.411450e+01	1.493101e+00
76	2	5.502008e+02	1.765879e+02	6.220182e+02	2.429436e+02	-7.664910e-01	1.718372e+00	1.940770e+01	-1.676937e+00
76	5	5.340346e+01	1.786998e+02	1.461815e+02	2.112902e+02	-2.469381e+01	1.767071e+00	3.506733e+01	1.519929e+00
76	6	2.640471e+02	1.637170e+02	3.175771e+02	2.032375e+02	-2.277372e+01	2.082766e+00	5.165716e+01	1.497308e+00
77	2	5.505744e+02	1.764520e+02	6.206612e+02	2.418607e+02	-7.863040e-01	1.716210e+00	1.965845e+01	-1.671131e+00
77	5	3.805185e+01	1.784985e+02	1.356876e+02	2.121722e+02	-2.454654e+01	1.749491e+00	3.400668e+01	1.524152e+00
77	6	2.509037e+02	1.624904e+02	3.086038e+02	2.040951e+02	-2.243483e+01	2.034549e+00	4.919981e+01	1.501516e+00
78	2	5.509402e+02	1.763199e+02	6.193393e+02	2.408082e+02	-8.061170e-01	1.714047e+00	1.990920e+01	-1.665325e+00
78	5	2.164602e+01	1.782833e+02	1.245576e+02	2.131148e+02	-2.439927e+01	1.731911e+00	3.294604e+01	1.528375e+00
78	6	2.362973e+02	1.611271e+02	2.987368e+02	2.050483e+02	-2.209594e+01	1.986332e+00	4.674247e+01	1.505723e+00
79	2	5.512983e+02	1.761912e+02	6.180512e+02	2.397846e+02	-8.259300e-01	1.711885e+00	2.015995e+01	-1.659519e+00
79	5	4.073487e+00	1.780527e+02	1.127319e+02	2.141244e+02	-2.425201e+01	1.714331e+00	3.188539e+01	1.532598e+00
79	6	2.198235e+02	1.590818e+02	2.877067e+02	2.055911e+02	-2.176537e+01	1.907962e+00	4.428496e+01	1.509930e+00
80	2	5.516491e+02	1.760659e+02	6.167955e+02	2.387889e+02	-8.457430e-01	1.709722e+00	2.041070e+01	-1.653713e+00
80	5	0	1.778051e+02	1.001433e+02	2.150340e+02	-2.410474e+01	1.696751e+00	3.082475e+01	1.536821e+00
80	6	2.004785e+02	1.570470e+02	2.747705e+02	2.064673e+02	-2.147898e+01	1.844083e+00	4.182952e+01	1.514517e+00
81	2	5.533109e+02	1.759213e+02	6.172465e+02	2.377924e+02	-8.231210e-01	1.706984e+00	2.066342e+01	-1.648854e+00
81	5	0	1.770415e+02	8.613753e+01	2.154912e+02	-2.396639e+01	1.659993e+00	2.974062e+01	1.541263e+00
81	6	1.785511e+02	1.547404e+02	2.603209e+02	2.074605e+02	-2.119258e+01	1.780204e+00	3.937408e+01	1.519103e+00
82	2	5.545860e+02	1.757804e+02	6.176850e+02	2.368224e+02	-8.005000e-01	1.704245e+00	2.091614e+01	-1.643995e+00
82	5	0	1.763137e+02	7.114287e+01	2.153529e+02	-2.382804e+01	1.623236e+00	2.865649e+01	1.545705e+00
82	6	1.529832e+02	1.529422e+02	2.436432e+02	2.094401e+02	-2.092911e+01	1.756311e+00	3.691702e+01	1.523690e+00
83	2	5.558249e+02	1.756431e+02	6.181115e+02	2.358780e+02	-7.778780e-01	1.701506e+00	2.116885e+01	-1.639136e+00
83	5	0	1.756220e+02	5.505081e+01	2.148525e+02	-2.368969e+01	1.586479e+00	2.757237e+01	1.550148e+00
83	6	1.234732e+02	1.508665e+02	2.247544e+02	2.117252e+02	-2.066565e+01	1.732419e+00	3.445996e+01	1.528277e+00
84	2	5.570321e+02	1.755093e+02	6.185264e+02	2.349582e+02	-7.552570e-01	1.698768e+00	2.142157e+01	-1.634276e+00
84	5	0	1.749189e+02	3.773637e+01	2.143576e+02	-2.355134e+01	1.549721e+00	2.648824e+01	1.554590e+00
84	6	8.903345e+01	1.484437e+02	2.031838e+02	2.143925e+02	-2.040218e+01	1.708526e+00	3.200291e+01	1.532864e+00
85	2	5.582090e+02	1.753788e+02	6.189301e+02	2.340620e+02	-7.326350e-01	1.696029e+00	2.167429e+01	-1.629417e+00
85	5	0	1.742035e+02	1.905484e+01	2.138677e+02	-2.341299e+01	1.512964e+00	2.540412e+01	1.559033e+00
85	6	4.395920e+01	1.449920e+02	1.747630e+02	2.171231e+02	-2.025639e+01	1.665049e+00	2.948416e+01	1.535694e+00
86	2	5.591203e+02	1.750832e+02	6.191005e+02	2.330487e+02	-7.246810e-01	1.688607e+00	2.191953e+01	-1.629417e+00
86	6	0	1.420117e+02	1.415096e+02	2.214853e+02	-2.011017e+01	1.661647e+00	2.696499e+01	1.538525e+00
87	2	5.600097e+02	1.747947e+02	6.192668e+02	2.320599e+02	-7.167260e-01	1.681184e+00	2.216478e+01	-1.629417e+00
87	6	0	1.394275e+02	1.020701e+02	2.252184e+02	-1.996395e+01	1.658246e+00	2.444583e+01	1.541356e+00
88	2	5.608779e+02	1.745130e+02	6.194292e+02	2.310946e+02	-7.087710e-01	1.673761e+00	2.241002e+01	-1.629417e+00
88	6	0	1.400260e+02	5.454144e+01	2.261650e+02	-1.981774e+01	1.654845e+00	2.192666e+01	1.544187e+00
89	2	5.617257e+02	1.742380e+02	6.195877e+02	2.301521e+02	-7.008160e-01	1.666339e+00	2.265527e+01	-1.629417e+00
90	2	5.625538e+02	1.739693e+02	6.197426e+02	2.292314e+02	-6.928620e-01	1.658916e+00	2.290051e+01	-1.629417e+00
91	2	5.629230e+02	1.740793e+02	6.193760e+02	2.286291e+02	-6.998730e-01	1.662617e+00	2.317606e+01	-1.629417e+00
92	2	5.632829e+02	1.741866e+02	6.190187e+02	2.280420e+02	-7.068850e-01	1.666318e+00	2.345161e+01	-1.629417e+00
93	2	5.636338e+02	1.742912e+02	6.186703e+02	2.274698e+02	-7.138970e-01	1.670019e+00	2.372715e+01	-1.629417e+00
94	2	5.639759e+02	1.743932e+02	6.183306e+02	2.269118e+02	-7.209090e-01	1.673720e+00	2.400270e+01	-1.629417e+00
95	2	5.643097e+02	1.744927e+02	6.179991e+02	2.263674e+02	-7.279210e-01	1.677420e+00	2.427825e+01	-1.629417e+00
96	2	5.646635e+02	1.727683e+02	6.176287e+02	2.239176e+02	-7.266530e-01	1.623391e+00	2.459037e+01	-1.623970e+00
97	2	5.650084e+02	1.710895e+02	6.172673e+02	2.215347e+02	-7.253850e-01	1.569361e+00	2.490250e+01	-1.618523e+00
98	2	5.661767e+02	1.733044e+02	6.177450e+02	2.230806e+02	-6.970960e-01	1.640679e+00	2.521436e+01	-1.613076e+00
98	7	2.772019e+02	1.686709e+02	3.209265e+02	1.881233e+02	-2.390676e+01	1.146464e+00	5.555975e+01	1.559331e+00
99	2	5.673147e+02	1.754622e+02	6.182096e+02	2.245852e+02	-6.688070e-01	1.711998e+00	2.552623e+01	-1.607629e+00
99	7	2.702504e+02	1.719066e+02	3.154018e+02	1.917983e+02	-2.386791e+01	1.388613e+00	5.438109e+01	1.560180e+00
99	9	3.049885e+02	1.707391e+02	3.417552e+02	1.893564e+02	-2.412166e+01	1.357905e+00	6.080555e+01	1.532423e+00
100	2	5.684235e+02	1.775650e+02	6.186615e+02	2.260502e+02	-6.405170e-01	1.783316e+00	2.583809e+01	-1.602182e+00
100	7	2.631888e+02	1.721351e+02	3.098332e+02	1.924834e+02	-2.381539e+01	1.406400e+00	5.320494e+01	1.561030e+00
100	9	2.994305e+02	1.721213e+02	3.373053e+02	1.911232e+02	-2.406436e+01	1.471804e+00	5.962235e+01	1.533254e+00
101	2	5.689784e+02	1.777151e+02	6.185756e+02	2.255722e+02	-6.300010e-01	1.790350e+00	2.615009e+01	-1.596735e+00
101	7	2.556886e+02	1.739894e+02	3.039233e+02	1.948170e+02	-2.376971e+01	1.536368e+00	5.202754e+01	1.561879e+00
101	9	2.936395e+02	1.735615e+02	3.326812e+02	1.929640e+02	-2.400707e+01	1.585702e+00	5.843914e+01	1.534084e+00
102	2	5.695198e+02	1.778615e+02	6.184911e+02	2.251064e+02	-6.194840e-01	1.797383e+00	2.646210e+01	-1.591288e+00
102	7	2.478277e+02	1.759330e+02	2.977496e+02	1.972629e+02	-2.372403e+01	1.666336e+00	5.085014e+01	1.562728e+00
102	9	2.876005e+02	1.750635e+02	3.278725e+02	1.948837e+02	-2.394977e+01	1.699601e+00	5.725594e+01	1.534914e+00
103	2	5.700484e+02	1.780043e+02	6.184079e+02	2.246522e+02	-6.089670e-01	1.804416e+00	2.677410e+01	-1.585841e+00
103	7	2.395794e+02	1.779724e+02	2.912941e+02	1.998295e+02	-2.367834e+01	1.796304e+00	4.967274e+01	1.563577e+00
103	8	3.113265e+02	1.772072e+02	3.483732e+02	1.951573e+02	-2.454929e+01	1.903250e+00	6.333524e+01	1.495911e+00
103	9	2.812972e+02	1.766311e+02	3.228679e+02	1.968875e+02	-2.389248e+01	1.813499e+00	5.607273e+01	1.535744e+00
104	2	5.705644e+02	1.781436e+02	6.183259e+02	2.242093e+02	-5.984510e-01	1.811450e+00	2.708610e+01	-1.580394e+00
104	7	2.304966e+02	1.777576e+02	2.841540e+02	2.001717e+02	-2.365475e+01	1.774003e+00	4.848557e+01	1.564250e+00
104	8	3.058137e+02	1.771399e+02	3.439668e+02	1.954457e+02	-2.451478e+01	1.890482e+00	6.214857e+01	1.496584e+00
104	9	2.747118e+02	1.782689e+02	3.176552e+02	1.989809e+02	-2.383518e+01	1.927398e+00	5.488952e+01	1.536574e+00
105	2	5.710685e+02	1.782796e+02	6.182452e+02	2.237773e+02	-5.879340e-01	1.818483e+00	2.739810e+01	-1.574947e+00
105	7	2.209388e+02	1.775315e+02	2.766694e+02	2.005319e+02	-2.363117e+01	1.751702e+00	4.729841e+01	1.564923e+00
105	8	3.000780e+02	1.770699e+02	3.393949e+02	1.957458e+02	-2.448026e+01	1.877714e+00	6.096189e+01	1.497257e+00
105	9	2.673145e+02	1.780797e+02	3.117662e+02	1.992806e+02	-2.379766e+01	1.904683e+00	5.367005e+01	1.537163e+00
106	2	5.717702e+02	1.779577e+02	6.183206e+02	2.228506e+02	-5.810690e-01	1.809485e+00	2.774310e+01	-1.574947e+00
106	7	2.108677e+02	1.772933e+02	2.688147e+02	2.009114e+02	-2.360758e+01	1.729401e+00	4.611125e+01	1.565596e+00
106	8	2.941056e+02	1.769969e+02	3.346483e+02	1.960582e+02	-2.444575e+01	1.864945e+00	5.977522e+01	1.497930e+00
106	9	2.595595e+02	1.778814e+02	3.056135e+02	1.995948e+02	-2.376013e+01	1.881967e+00	5.245057e+01	1.537752e+00
107	2	5.724536e+02	1.776443e+02	6.183939e+02	2.219483e+02	-5.742040e-01	1.800486e+00	2.808809e+01	-1.574947e+00
107	7	2.002409e+02	1.770419e+02	2.605619e+02	2.013119e+02	-2.358400e+01	1.707100e+00	4.492408e+01	1.566268e+00
107	8	2.878816e+02	1.769210e+02	3.297166e+02	1.963839e+02	-2.441124e+01	1.852177e+00	5.858854e+01	1.498602e+00
107	9	2.514203e+02	1.776733e+02	2.991791e+02	1.999246e+02	-2.372261e+01	1.859252e+00	5.123109e+01	1.538341e+00
108	2	5.731192e+02	1.773390e+02	6.184654e+02	2.210693e+02	-5.673390e-01	1.791488e+00	2.843308e+01	-1.574947e+00
108	7	1.890110e+02	1.767762e+02	2.518799e+02	2.017351e+02	-2.356041e+01	1.684799e+00	4.373692e+01	1.566941e+00
108	8	2.813897e+02	1.768417e+02	3.245888e+02	1.967235e+02	-2.437672e+01	1.839409e+00	5.740187e+01	1.499275e+00
108	9	2.428674e+02	1.774546e+02	2.924432e+02	2.002711e+02	-2.368508e+01	1.836537e+00	5.001162e+01	1.538930e+00
109	2	5.737679e+02	1.770415e+02	6.185350e+02	2.202128e+02	-5.604750e-01	1.782489e+00	2.877807e+01	-1.574947e+00
109	7	1.765628e+02	1.774014e+02	2.423188e+02	2.031292e+02	-2.353089e+01	1.713149e+00	4.248739e+01	1.567743e+00
109	8	2.745687e+02	1.774187e+02	3.192656e+02	1.977625e+02	-2.431697e+01	1.875678e+00	5.615439e+01	1.500077e+00
109	9	2.338687e+02	1.772245e+02	2.853840e+02	2.006358e+02	-2.364756e+01	1.813821e+00	4.879214e+01	1.539519e+00
110	2	5.744001e+02	1.767515e+02	6.186029e+02	2.193779e+02	-5.536100e-01	1.773491e+00	2.912306e+01	-1.574947e+00
110	7	1.633240e+02	1.780663e+02	2.322041e+02	2.046120e+02	-2.350137e+01	1.741498e+00	4.123787e+01	1.568545e+00
110	8	2.674244e+02	1.780231e+02	3.137103e+02	1.988508e+02	-2.425722e+01	1.911947e+00	5.490691e+01	1.500879e+00
110	9	2.242446e+02	1.779198e+02	2.778755e+02	2.019657e+02	-2.361179e+01	1.850269e+00	4.755998e+01	1.540434e+00
111	2	5.754949e+02	1.776668e+02	6.191997e+02	2.198133e+02	-5.268200e-01	1.810289e+00	2.943495e+01	-1.574947e+00
111	7	1.492166e+02	1.787749e+02	2.214861e+02	2.061921e+02	-2.347185e+01	1.769848e+00	3.998835e+01	1.569347e+00
111	8	2.599334e+02	1.786567e+02	3.079071e+02	1.999919e+02	-2.419747e+01	1.948216e+00	5.365944e+01	1.501681e+00
111	9	2.140855e+02	1.786539e+02	2.699843e+02	2.033695e+02	-2.357602e+01	1.886717e+00	4.632783e+01	1.541348e+00
112	2	5.765652e+02	1.785616e+02	6.197831e+02	2.202389e+02	-5.000300e-01	1.847086e+00	2.974683e+01	-1.574947e+00
112	7	1.341524e+02	1.795316e+02	2.101092e+02	2.078794e+02	-2.344233e+01	1.798197e+00	3.873883e+01	1.570149e+00
112	8	2.520697e+02	1.793218e+02	3.018392e+02	2.011898e+02	-2.413772e+01	1.984485e+00	5.241197e+01	1.502483e+00
112	9	2.033454e+02	1.794299e+02	2.616803e+02	2.048537e+02	-2.354025e+01	1.923165e+00	4.509567e+01	1.542263e+00
113	2	5.776119e+02	1.794368e+02	6.203538e+02	2.206551e+02	-4.732400e-01	1.883884e+00	3.005872e+01	-1.574947e+00
113	7	1.180305e+02	1.803415e+02	1.980107e+02	2.096852e+02	-2.341281e+01	1.826547e+00	3.748930e+01	1.570951e+00
113	8	2.438048e+02	1.800208e+02	2.954881e+02	2.024489e+02	-2.407797e+01	2.020754e+00	5.116449e+01	1.503285e+00
113	9	1.919732e+02	1.802516e+02	2.529304e+02	2.064252e+02	-2.350448e+01	1.959613e+00	4.386352e+01	1.543178e+00
114	2	5.786358e+02	1.802928e+02	6.209119e+02	2.210623e+02	-4.464500e-01	1.920681e+00	3.037060e+01	-1.574947e+00
114	7	1.001093e+02	1.798944e+02	1.846646e+02	2.103438e+02	-2.338248e+01	1.791874e+00	3.619691e+01	1.572006e+00
114	8	2.348119e+02	1.789511e+02	2.886083e+02	2.019778e+02	-2.402173e+01	1.937294e+00	4.988716e+01	1.504340e+00
114	9	1.799111e+02	1.810756e+02	2.436975e+02	2.080921e+02	-2.346871e+01	1.996061e+00	4.263136e+01	1.544092e+00
115	2	5.796376e+02	1.810533e+02	6.214580e+02	2.214607e+02	-4.196600e-01	1.957479e+00	3.068249e+01	-1.574947e+00
115	7	8.078506e+01	1.794123e+02	1.703814e+02	2.110541e+02	-2.335215e+01	1.757201e+00	3.490451e+01	1.573060e+00
115	8	2.253234e+02	1.778224e+02	2.813831e+02	2.014808e+02	-2.396549e+01	1.853834e+00	4.860983e+01	1.505394e+00
115	9	1.664223e+02	1.796750e+02	2.334459e+02	2.075340e+02	-2.342733e+01	1.902159e+00	4.133076e+01	1.545173e+00
116	2	5.801590e+02	1.808837e+02	6.215722e+02	2.208767e+02	-4.103500e-01	1.953009e+00	3.096685e+01	-1.574947e+00
116	7	5.988628e+01	1.788908e+02	1.550588e+02	2.118223e+02	-2.332182e+01	1.722527e+00	3.361212e+01	1.574114e+00
116	8	2.152972e+02	1.766299e+02	2.737858e+02	2.009556e+02	-2.390924e+01	1.770374e+00	4.733249e+01	1.506448e+00
116	9	1.520109e+02	1.781277e+02	2.225600e+02	2.069377e+02	-2.338595e+01	1.808257e+00	4.003016e+01	1.546253e+00
117	2	5.806703e+02	1.807171e+02	6.216842e+02	2.203039e+02	-4.010400e-01	1.948538e+00	3.125121e+01	-1.574947e+00
117	7	3.721237e+01	1.783249e+02	1.385789e+02	2.126557e+02	-2.329150e+01	1.687854e+00	3.231972e+01	1.575168e+00
117	8	2.046862e+02	1.753679e+02	2.657869e+02	2.003997e+02	-2.385300e+01	1.686914e+00	4.605516e+01	1.507502e+00
117	9	1.365790e+02	1.764708e+02	2.109792e+02	2.062991e+02	-2.334457e+01	1.714354e+00	3.872957e+01	1.547334e+00
118	2	5.811718e+02	1.805532e+02	6.217941e+02	2.197421e+02	-3.917300e-01	1.944068e+00	3.153557e+01	-1.574947e+00
118	7	1.252712e+01	1.777088e+02	1.208057e+02	2.135631e+02	-2.326117e+01	1.653181e+00	3.102732e+01	1.576223e+00
118	8	1.936340e+02	1.784836e+02	2.575336e+02	2.042784e+02	-2.378398e+01	1.866408e+00	4.477571e+01	1.508557e+00
118	9	1.197516e+02	1.787595e+02	1.984041e+02	2.096890e+02	-2.331444e+01	1.820222e+00	3.742657e+01	1.548414e+00
119	2	5.816638e+02	1.803882e+02	6.219018e+02	2.191909e+02	-3.824200e-01	1.939598e+00	3.181994e+01	-1.574947e+00
119	7	0	1.775731e+02	1.005679e+02	2.149997e+02	-2.323896e+01	1.638901e+00	2.968353e+01	1.577228e+00
119	8	1.801777e+02	1.790823e+02	2.475073e+02	2.057844e+02	-2.371704e+01	1.889303e+00	4.333468e+01	1.509563e+00
119	9	1.016393e+02	1.811525e+02	1.849699e+02	2.133379e+02	-2.328431e+01	1.926091e+00	3.612358e+01	1.549495e+00
120	2	5.821466e+02	1.802114e+02	6.220076e+02	2.186501e+02	-3.731100e-01	1.935128e+00	3.210430e+01	-1.574947e+00
120	7	0	1.774241e+02	7.853195e+01	2.164402e+02	-2.321675e+01	1.624620e+00	2.833975e+01	1.578232e+00
120	8	1.657429e+02	1.797246e+02	2.368269e+02	2.074000e+02	-2.365010e+01	1.912197e+00	4.189364e+01	1.510570e+00
120	9	8.113046e+01	1.811749e+02	1.698477e+02	2.146957e+02	-2.325984e+01	1.911668e+00	3.476848e+01	1.550404e+00
121	2	5.818895e+02	1.802303e+02	6.214707e+02	2.183993e+02	-3.921420e-01	1.938116e+00	3.231861e+01	-1.574947e+00
121	7	0	1.774107e+02	5.444708e+01	2.164822e+02	-2.319454e+01	1.610340e+00	2.699595e+01	1.579237e+00
121	8	1.502189e+02	1.804152e+02	2.254260e+02	2.091375e+02	-2.358316e+01	1.935092e+00	4.045261e+01	1.511577e+00
121	9	5.885201e+01	1.811990e+02	1.535690e+02	2.161708e+02	-2.323537e+01	1.897245e+00	3.341338e+01	1.551314e+00
122	2	5.816359e+02	1.802490e+02	6.209413e+02	2.181521e+02	-4.111750e-01	1.941103e+00	3.253293e+01	-1.574947e+00
122	7	0	1.773962e+02	2.801359e+01	2.165278e+02	-2.317233e+01	1.596059e+00	2.565217e+01	1.580242e+00
122	8	1.334775e+02	1.811250e+02	2.132293e+02	2.110114e+02	-2.351622e+01	1.957987e+00	3.901158e+01	1.512584e+00
122	9	3.456460e+01	1.812251e+02	1.359957e+02	2.177789e+02	-2.321089e+01	1.882823e+00	3.205828e+01	1.552224e+00
123	2	5.813859e+02	1.802674e+02	6.204193e+02	2.179082e+02	-4.302070e-01	1.944091e+00	3.274725e+01	-1.574947e+00
123	8	1.153656e+02	1.807397e+02	2.001455e+02	2.118080e+02	-2.344991e+01	1.920769e+00	3.757117e+01	1.513591e+00
123	9	7.983646e+00	1.812533e+02	1.169671e+02	2.195390e+02	-2.318642e+01	1.868400e+00	3.070319e+01	1.553134e+00
124	2	5.811392e+02	1.802856e+02	6.199044e+02	2.176677e+02	-4.492390e-01	1.947079e+00	3.296156e+01	-1.574947e+00
124	8	9.614886e+01	1.807492e+02	1.862656e+02	2.130606e+02	-2.342202e+01	1.906353e+00	3.621331e+01	1.514526e+00
124	9	0	1.812839e+02	9.629451e+01	2.212334e+02	-2.316195e+01	1.853977e+00	2.934809e+01	1.554044e+00
125	2	5.808960e+02	1.803035e+02	6.193965e+02	2.174305e+02	-4.682710e-01	1.950067e+00	3.317588e+01	-1.574947e+00
125	8	7.533115e+01	1.807595e+02	1.713707e+02	2.144176e+02	-2.339413e+01	1.891938e+00	3.485544e+01	1.515462e+00
125	9	0	1.812398e+02	7.351324e+01	2.224680e+02	-2.312615e+01	1.835994e+00	2.796388e+01	1.555104e+00
126	2	5.813984e+02	1.795199e+02	6.197109e+02	2.164648e+02	-4.524160e-01	1.917368e+00	3.333011e+01	-1.574947e+00
126	8	5.270362e+01	1.807706e+02	1.553450e+02	2.158926e+02	-2.336625e+01	1.877522e+00	3.349758e+01	1.516397e+00
126	9	0	1.811915e+02	4.852677e+01	2.224050e+02	-2.309034e+01	1.818010e+00	2.657966e+01	1.556165e+00
127	2	5.818960e+02	1.787440e+02	6.200223e+02	2.155086e+02	-4.365600e-01	1.884669e+00	3.348435e+01	-1.574947e+00
127	8	2.801955e+01	1.807828e+02	1.380549e+02	2.175017e+02	-2.333836e+01	1.863107e+00	3.213972e+01	1.517332e+00
127	9	0	1.811382e+02	2.099863e+01	2.223465e+02	-2.305454e+01	1.800026e+00	2.519545e+01	1.557226e+00
128	2	5.823887e+02	1.779755e+02	6.203306e+02	2.145616e+02	-4.207050e-01	1.851970e+00	3.363858e+01	-1.574947e+00
128	8	9.852320e-01	1.807959e+02	1.193445e+02	2.192642e+02	-2.331047e+01	1.848692e+00	3.078185e+01	1.518268e+00
129	2	5.828767e+02	1.772144e+02	6.206360e+02	2.136237e+02	-4.048500e-01	1.819271e+00	3.379282e+01	-1.574947e+00
129	8	0	1.808049e+02	9.879012e+01	2.208574e+02	-2.327866e+01	1.833936e+00	2.940229e+01	1.519686e+00
130	2	5.833600e+02	1.764607e+02	6.209385e+02	2.126948e+02	-3.889940e-01	1.786572e+00	3.394705e+01	-1.574947e+00
130	8	0	1.808147e+02	7.636352e+01	2.220009e+02	-2.324685e+01	1.819180e+00	2.802273e+01	1.521104e+00
131	2	5.838850e+02	1.767655e+02	6.213014e+02	2.128434e+02	-3.705400e-01	1.800930e+00	3.408661e+01	-1.574947e+00
131	8	0	1.808255e+02	5.179667e+01	2.219388e+02	-2.321505e+01	1.804424e+00	2.664317e+01	1.522522e+00
132	2	5.844055e+02	1.770677e+02	6.216611e+02	2.129907e+02	-3.520870e-01	1.815288e+00	3.422617e+01	-1.574947e+00
132	8	0	1.808373e+02	2.476785e+01	2.218836e+02	-2.318324e+01	1.789668e+00	2.526361e+01	1.523940e+00
133	2	5.849215e+02	1.773674e+02	6.220178e+02	2.131367e+02	-3.336330e-01	1.829646e+00	3.436572e+01	-1.574947e+00
134	2	5.864461e+02	1.759405e+02	6.233836e+02	2.115551e+02	-2.692430e-01	1.765754e+00	3.450628e+01	-1.574947e+00
135	2	5.879576e+02	1.745257e+02	6.247376e+02	2.099871e+02	-2.048540e-01	1.701863e+00	3.464684e+01	-1.574947e+00
136	2	5.884295e+02	1.731890e+02	6.250532e+02	2.084984e+02	-1.874580e-01	1.640987e+00	3.478735e+01	-1.574947e+00
137	2	5.888975e+02	1.718635e+02	6.253661e+02	2.070224e+02	-1.700620e-01	1.580112e+00	3.492787e+01	-1.574947e+00
138	2	5.893615e+02	1.705492e+02	6.256763e+02	2.055587e+02	-1.526660e-01	1.519236e+00	3.506838e+01	-1.574947e+00
139	2	5.895970e+02	1.754341e+02	6.257626e+02	2.103031e+02	-1.456000e-01	1.745270e+00	3.520585e+01	-1.574947e+00
140	2	5.898305e+02	1.802790e+02	6.258481e+02	2.150085e+02	-1.385330e-01	1.971303e+00	3.534331e+01	-1.574947e+00
141	2	5.892992e+02	1.794585e+02	6.252166e+02	2.140911e+02	-1.658860e-01	1.933964e+00	3.543679e+01	-1.574947e+00
142	2	5.887709e+02	1.786426e+02	6.245887e+02	2.131787e+02	-1.932380e-01	1.896625e+00	3.553026e+01	-1.574947e+00
143	2	5.882454e+02	1.778312e+02	6.239642e+02	2.122713e+02	-2.205910e-01	1.859287e+00	3.562373e+01	-1.574947e+00
